0.0 1.5
0.0 3.0
0.0 4.5
0.0 6.0
0.0 7.5
0.0 9.0
0.0 10.5
0.0 12.0
0.0 13.5
0.0 15.0
0.0 16.5
0.0 18.0
0.0 19.5
0.0 21.0
0.0 22.5
0.0 24.0
0.0 25.5
0.0 27.0
0.0 28.5
0.0 30.0
0.0 31.5
0.0 33.0
0.0 34.5
0.0 36.0
0.0 37.5
0.0 39.0
0.0 40.5
0.0 42.0
0.0 43.5
0.0 45.0
0.0 46.5
0.0 48.0
0.0 49.5
0.0 51.0
0.0 52.5
0.0 54.0
0.0 55.5
0.0 57.0
0.0 58.5
0.0 60.0
0.0 61.5
0.0 63.0
0.0 64.5
0.0 66.0
0.0 67.5
0.0 69.0
0.0 70.5
0.0 72.0
0.0 73.5
0.0 75.0
0.0 76.5
0.0 78.0
0.0 79.5
0.0 81.0
0.0 82.5
0.0 84.0
0.0 85.5
0.0 87.0
0.0 88.5
0.0 90.0
0.0 91.5
0.0 93.0
0.0 94.5
0.0 96.0
0.0 97.5
0.0 99.0
0.0 100.5
0.0 102.0
0.0 103.5
0.0 105.0
0.0 106.5
0.0 108.0
0.0 109.5
0.0 111.0
0.0 112.5
0.0 114.0
0.0 115.5
0.0 117.0
0.0 118.5
0.0 120.0
0.0 121.5
0.0 123.0
0.0 124.5
0.0 126.0
0.0 127.5
0.0 129.0
0.0 130.5
0.0 132.0
0.0 133.5
0.0 135.0
0.0 136.5
0.0 138.0
0.0 139.5
0.0 141.0
0.0 142.5
0.0 144.0
0.0 145.5
0.0 147.0
0.0 148.5
0.0 150.0
0.0 151.5
0.0 153.0
0.0 154.5
0.0 156.0
0.0 157.5
0.0 159.0
0.0 160.5
0.0 162.0
0.0 163.5
0.0 165.0
0.0 166.5
0.0 168.0
0.0 169.5
0.0 171.0
0.0 172.5
0.0 174.0
0.0 175.5
0.0 177.0
0.0 178.5
0.0 180.0
0.0 181.5
0.0 183.0
0.0 184.5
1.7588736992E-313 186.0
7.648041216004539E-272 187.5
4.638467166174913E-236 189.0
2.8884136430679094E-205 190.5
1.0693215408056664E-178 192.0
7.827934161911376E-156 193.5
5.2615119367894975E-136 195.0
7.564072881143706E-119 196.5
6.011142310029462E-104 198.0
4.922263440727614E-91 199.5
9.171208689304936E-80 201.0
6.428990355563794E-70 202.5
2.1896339536693496E-61 204.0
6.642415866650237E-54 205.5
2.351092943764512E-47 207.0
1.3070527534986495E-41 208.5
1.334908381100498E-36 210.0
3.4994235154291633E-32 211.5
2.502082362863262E-28 213.0
6.564863898333691E-25 214.5
6.569751147797461E-22 216.0
2.8736028757662155E-19 217.5
6.197127067163486E-17 219.0
6.899915391802771E-15 220.5
4.603665622573553E-13 222.0
1.8936337771673956E-11 223.5
4.93758843426216E-10 225.0
9.089365263001406E-9 226.5
1.1804681729311575E-7 228.0
1.1433824913768387E-6 229.5
8.619072687074233E-6 231.0
5.1240558012587984E-5 232.5
2.561384558491296E-4 234.0
0.001051680319844828 235.5
0.003695418154359771 237.0
0.01125835600871291 238.5
0.030544126709889933 240.0
0.073943905441123 241.5
0.16188323693828424 243.0
0.32585904770013013 244.5
0.6056208284643664 246.0
1.0534272204350563 247.5
1.7276804265081835 249.0
2.671630110880343 250.5
3.960395262329266 252.0
5.57517195468325 253.5
7.589130799729256 255.0
9.98930784641767 256.5
12.696610956500606 258.0
15.75783742555756 259.5
19.02081782588661 261.0
22.522025423186832 262.5
26.070632087694804 264.0
29.71436269645739 265.5
33.243132041218864 267.0
36.74055768748438 268.5
40.06871852168452 270.0
43.19252364966763 271.5
46.07654429666024 273.0
48.70580343653533 274.5
51.05151911527472 276.0
53.10948668744305 277.5
54.884439469300965 279.0
56.36897317273647 280.5
57.57891523883013 282.0
58.5253907828995 283.5
59.22567658745997 285.0
59.69643778642054 286.5
59.95293092416303 288.0
60.01640349155846 289.5
59.904435068795664 291.0
59.634809906419505 292.5
59.226928779489725 294.0
58.69527210096715 295.5
58.05820402370489 297.0
57.32498360604053 298.5
56.5131761149141 300.0
55.63612459889711 301.5
54.697498371405956 303.0
53.72280291221278 304.5
52.70228014638751 306.0
51.65658009692265 307.5
50.5869377018043 309.0
49.50443748414164 310.5
48.41136821307648 312.0
47.316118415275085 313.5
46.21798800098495 315.0
45.120360261226864 316.5
44.03441954506809 318.0
42.95600628727461 319.5
41.88936574478016 321.0
40.83532687306848 322.5
39.79838383487168 324.0
38.77861672570769 325.5
37.77067895034255 327.0
36.783256318915335 328.5
35.81918551835881 330.0
34.870442462911306 331.5
33.946327270629354 333.0
33.04017517602313 334.5
32.15933074600789 336.0
31.29770274299679 337.5
30.455120619117316 339.0
29.631500375783798 340.5
28.828425937401324 342.0
28.05298738824223 343.5
27.29004952136015 345.0
26.547388489673533 346.5
25.825551252746035 348.0
25.124898107007354 349.5
24.443855425654565 351.0
23.776143990307588 352.5
23.128611840596033 354.0
22.501521886326934 355.5
21.887536624000177 357.0
21.293431443137056 358.5
20.712728861851858 360.0
20.15125999975198 361.5
19.602487946287127 363.0
19.074209762737173 364.5
18.557916083978412 366.0
18.053593135948965 367.5
17.569133274246518 369.0
17.09586465479743 370.5
16.63484237112015 372.0
16.18512885020894 373.5
15.745828074514343 375.0
15.327622977710506 376.5
14.911178195547262 378.0
14.514972830157033 379.5
14.120536353728088 381.0
13.745414466951638 382.5
13.38187743494234 384.0
13.01987758374812 385.5
12.677378658950175 387.0
12.336801882418138 388.5
12.006688462862547 390.0
11.68690486130772 391.5
11.377666404489025 393.0
11.078636065954836 394.5
10.781184302059058 396.0
10.502703708625445 397.5
10.225468079299732 399.0
9.949631669455304 400.5
9.692545320716754 402.0
9.436670560594209 403.5
9.188951128984105 405.0
8.947682194398427 406.5
8.713547796380869 408.0
8.485721865504363 409.5
8.264988175649636 411.0
8.049588879854149 412.5
7.839426259109453 414.0
7.6362643916565585 415.5
7.4375134571917085 417.0
7.244736333083306 418.5
7.057054002090708 420.0
6.8745685539168 421.5
6.697080616778424 423.0
6.52459154596308 424.5
6.3563720633524 426.0
6.1931537435040624 427.5
6.0339056467234045 429.0
5.87872906277563 430.5
5.728556326907885 432.0
5.581424545656313 433.5
5.439297995971681 435.0
5.300113063288751 436.5
5.1650028330333635 438.0
5.0337668174130314 439.5
4.905574212057988 441.0
4.781256605523541 442.5
4.659983092002679 444.0
4.541653460698334 445.5
4.427199752963612 447.0
4.314859139658378 448.5
4.206294427042336 450.0
4.099843192109483 451.5
3.997118001021026 453.0
3.8964563555553813 454.5
3.7986897281875165 456.0
3.7038182535893163 457.5
3.61085993173009 459.0
3.5208472343491533 460.5
3.432848381330508 462.0
3.3467629420748097 463.5
3.263512830600487 465.0
3.1822064268618897 466.5
3.102833737170138 468.0
3.0262764709470704 469.5
2.9507512644234857 471.0
2.878071733868732 472.5
2.807255752100417 474.0
2.7375020917023107 475.5
2.670523870467826 477.0
2.6045075175183787 478.5
2.540425192222931 480.0
2.478216613518508 481.5
2.417010171644774 483.0
2.3576574143345588 484.5
2.3001784636933102 486.0
2.2437218016351315 487.5
2.1890786697486346 489.0
2.1362792368093664 490.5
2.0836204356836427 492.0
2.0336267422527805 493.5
1.9837636459303505 495.0
1.9357442897838166 496.5
1.888666882017632 498.0
1.8433829744553774 499.5
1.7990812341660833 501.0
1.7557315120598413 502.5
1.713363966994454 504.0
1.6718981920017437 505.5
1.631354293760157 507.0
1.5926340830905654 508.5
1.5548860144014187 510.0
1.517137922262079 511.5
1.4812537342041678 513.0
1.445359475461185 514.5
1.4113190751993336 516.0
1.3782005722972819 517.5
1.3450720037472448 519.0
1.312905541374846 520.5
1.2825426892406504 522.0
1.252209981215554 523.5
1.2219074178110547 525.0
1.1933984176447727 526.5
1.1658012733436667 528.0
1.1382845339034002 529.5
1.111619343021086 531.0
1.0849843006365298 532.5
1.0601830331814537 534.0
1.0353616580269822 535.5
1.01149234925108 537.0
0.9876431395072982 538.5
0.9646454821417617 540.0
0.9422421826635063 541.5
0.9204781910871997 543.0
0.8991731449885141 544.5
0.8785013765707013 546.0
0.8581993779465018 547.5
0.8385296524109414 549.0
0.8192276868291964 550.5
0.8004688185164467 552.0
0.7821648765325169 553.5
0.764276942301798 555.0
0.7468798380234845 556.5
0.7298474790818871 558.0
0.7133172891856309 559.5
0.6971005821476377 561.0
0.6813860443900119 562.5
0.6660342421120257 564.0
0.6509939126686095 565.5
0.6363655712926276 567.0
0.6220989604801993 568.5
0.6081049039460023 570.0
0.5945607493006728 571.5
0.5812378863067713 573.0
0.568325001390373 574.5
0.5557339233931513 576.0
0.5433641371735274 577.5
0.5313540715705242 579.0
0.519613545101366 580.5
0.5081445680992811 582.0
0.4969953878836048 583.5
0.4860664944407517 585.0
0.47540613508499285 586.5
0.4650665777400451 588.0
0.4548581308514364 589.5
0.44505664693443386 591.0
0.4353473547247027 592.5
0.4259445103197322 594.0
0.4167732916288784 595.5
0.4077814307581224 597.0
0.3990078464991985 598.5
0.3904648828348543 600.0
